Z A EL ATOMIC MASS(u)
0 1 n 1.0086649159000001
1 1 H 1.007276452008419
1 2 H 2.013553197954419
1 3 H 3.0155007014304189
2 3 He 3.014932162190838
1 4 H 4.0258832871104193
2 4 He 4.0015060943508383
3 4 Li 4.0255398213312565
1 5 H 5.0347629121104189
2 5 He 5.0109600642208383
3 5 Li 5.0108920603312566
1 6 H 6.0444068571104186
2 6 He 6.0177887292208379
3 6 Li 6.0134771477512565
4 6 Be 6.0175320894416764
2 7 He 7.0268934922208377
3 7 Li 7.0143576945912569
4 7 Be 7.0147343944416756
5 7 B 7.026969100552094
2 8 He 8.0328372282208385
3 8 Li 8.0208405043312556
4 8 Be 8.0031107824416754
5 8 B 8.0218644155520948
6 8 C 8.0343515596625146
2 9 He 9.0428492542208385
3 9 Li 9.025144451331256
4 9 Be 9.009988742441676
5 9 B 9.0105867455520947
6 9 C 9.0277457226625142
2 10 He 10.051718146220837
3 10 Li 10.033837713331256
4 10 Be 10.011340372441676
5 10 B 10.010193962552094
6 10 C 10.013561737662513
7 10 N 10.037813480772932
3 11 Li 11.042077841331256
4 11 Be 11.019466760441675
5 11 B 11.006562266552095
6 11 C 11.008141117662515
7 11 N 11.022317533772933
8 11 O 11.046861188883351
3 12 Li 12.050968202331257
4 12 Be 12.024727762441676
5 12 B 12.011609738552094
6 12 C 11.996708520662514
7 12 N 12.014773120772931
8 12 O 12.029979086883351
3 13 Li 13.059525763331257
4 13 Be 13.033940186441676
5 13 B 13.015037081552094
6 13 C 13.000063356002514
7 13 N 13.001898549772932
8 13 O 13.020426795883353
4 14 Be 14.040698600441676
5 14 B 14.022661110552095
6 14 C 13.999950509282513
7 14 N 13.999233945022931
8 14 O 14.004208066883352
9 14 F 14.02937797699377
4 15 Be 15.051295895441676
5 15 B 15.028344123552094
6 15 C 15.007307776662515
7 15 N 14.996268839042932
8 15 O 14.998676996883352
9 15 F 15.012847919993771
10 15 Ne 15.037687178104187
4 16 Be 16.059477716441677
5 16 B 16.037098145552093
6 16 C 16.011409775662511
7 16 N 16.002261865772933
8 16 O 15.990525980143351
9 16 F 16.006523058993771
10 16 Ne 16.020265061104187
5 17 B 17.044188499552096
6 17 C 17.019287170662512
7 17 N 17.004608816772933
8 17 O 16.994743116833352
9 17 F 16.997158017993769
10 17 Ne 17.012228163104187
11 17 Na 17.031238621214605
5 18 B 18.052858783552093
6 18 C 18.023460450662512
7 18 N 18.010237503772935
8 18 O 17.994770973023353
9 18 F 17.996000104993769
10 18 Ne 18.000222897104187
11 18 Na 18.020845009214607
5 19 B 19.061423100552094
6 19 C 19.031506114662513
7 19 N 19.013182329772935
8 19 O 18.99918932988335
9 19 F 18.993465943063772
10 19 Ne 18.996395107104188
11 19 Na 19.007845885214607
12 19 Mg 19.027596961325028
5 20 B 20.071762744552093
6 20 C 20.036970252662513
7 20 N 20.019527235772934
8 20 O 19.999686717883353
9 20 F 19.995044032993771
10 20 Ne 19.986954376354188
11 20 Na 20.001319922214606
12 20 Mg 20.012180116325027
5 21 B 21.081404585552093
7 21 N 21.023247513772933
8 21 O 21.004266308883352
9 21 F 20.995011673993769
10 21 Ne 20.988360886104189
11 21 Na 20.991620080214606
12 21 Mg 21.005122805325026
6 22 C 22.054262510662511
7 22 N 22.030260858772934
8 22 O 22.005577104883351
9 22 F 21.998061592993771
10 22 Ne 21.985899314104188
11 22 Na 21.988403168214607
12 22 Mg 21.99298763832503
7 23 N 23.035580940772935
8 23 O 23.01130804688335
9 23 F 22.998589655993769
10 23 Ne 22.988981106104188
11 23 Na 22.983734903164606
12 23 Mg 22.987540809325029
13 23 Al 23.000112812435447
8 24 O 24.015472360883351
9 24 F 24.00316215099377
10 24 Ne 23.988124850104189
11 24 Na 23.984928633214608
12 24 Mg 23.978458730325027
13 24 Al 23.992816059435444
14 24 Si 24.003855311545863
8 25 O 25.024950279883353
9 25 F 25.007230507993771
10 25 Ne 24.992328998104188
11 25 Na 24.983919595214605
12 25 Mg 24.979254007325029
13 25 Al 24.983296769435444
14 25 Si 24.996428679545865
8 26 O 26.032821515883352
9 26 F 26.015110845993771
10 26 Ne 25.995030697104188
11 26 Na 25.986600270214606
12 26 Mg 25.976010013325027
13 26 Al 25.979760337435447
14 26 Si 25.984653699545863
9 27 F 27.022044677993769
10 27 Ne 27.002083663104187
11 27 Na 26.988042029214608
12 27 Mg 26.977757688325028
13 27 Al 26.974406869435445
14 27 Si 26.979024568545864
15 27 P 26.991063800656281
9 28 F 28.030923228993771
10 28 Ne 28.006644968104187
11 28 Na 27.992904621214606
12 28 Mg 27.977292467325029
13 28 Al 27.974778470435446
14 28 Si 27.969246415965863
15 28 P 27.984097761656283
16 28 S 27.995595483766703
9 29 F 29.038165780993769
10 29 Ne 29.01426720110419
11 29 Na 28.996842712214605
12 29 Mg 28.982024204325029
13 29 Al 28.973321625435446
14 29 Si 28.968814545885863
15 29 P 28.97357166965628
16 29 S 28.987900721766703
10 30 Ne 30.019506436104187
11 30 Na 30.003063552214606
12 30 Mg 29.983882495325027
13 30 Al 29.975837632435447
14 30 Si 29.966090018545863
15 30 P 29.970084791656284
16 30 S 29.976129491766702
17 30 Cl 29.995692474877121
10 31 Ne 31.027989017104186
11 31 Na 31.007112275214606
12 31 Mg 30.990065273325026
13 31 Al 30.976818215435447
14 31 Si 30.967683077545864
15 31 P 30.965533299336283
16 31 S 30.970779723766704
17 31 Cl 30.983122238877122
11 32 Na 32.013976645214605
12 32 Mg 31.992527179325027
13 32 Al 31.980952799435446
14 32 Si 31.966471419545865
15 32 P 31.965678944656283
16 32 S 31.963293895306705
17 32 Cl 31.976358746877121
18 32 Ar 31.987763385987542
11 33 Na 33.019494621214605
12 33 Mg 32.998744903325026
13 33 Al 32.983746146435443
14 33 Si 32.970296845545867
15 33 P 32.963496993656285
16 33 S 32.962681630386705
17 33 Cl 32.96812612987712
18 33 Ar 32.980051106987538
11 34 Na 34.027975621214608
12 34 Mg 34.002352496325024
13 34 Al 33.989650385435439
14 34 Si 33.970857926545868
15 34 P 33.965417187656286
16 34 S 33.959089732766707
17 34 Cl 33.96443663187712
18 34 Ar 33.970395653987538
12 35 Mg 35.010207041325025
13 35 Al 34.992628277435443
14 35 Si 34.976869992545865
15 35 P 34.965085346656288
16 35 S 34.960255042766704
17 35 Cl 34.959526835877121
18 35 Ar 34.965383280987538
19 35 K 34.977582388097957
12 36 Mg 36.015296041325023
13 36 Al 35.999256461435444
14 36 Si 35.978969152545865
15 36 P 35.970030911656288
16 36 S 35.958303413766707
17 36 Cl 35.958980963877124
18 36 Ar 35.957670667987543
19 36 K 35.970878869097959
20 36 Ca 35.982102790208373
12 37 Mg 37.023703306325025
13 37 Al 37.003399461435443
14 37 Si 36.985265072545864
15 37 P 36.971378243656282
16 37 S 36.962348221766703
17 37 Cl 36.956576714877123
18 37 Ar 36.956901862987543
19 37 K 36.962952872097958
20 37 Ca 36.974926251208373
14 38 Si 37.987842881545866
15 38 P 37.976074406656288
16 38 S 37.962386021766704
17 38 Cl 37.95868454987712
18 38 Ar 37.952857663987537
19 38 K 37.958658096097956
20 38 Ca 37.965347625208373
14 39 Si 38.994810881545867
15 39 P 38.978057166656285
16 39 S 38.966356571766703
17 39 Cl 38.958682292877121
18 39 Ar 38.954438598987537
19 39 K 38.953283466917959
20 39 Ca 38.959739213208373
21 39 Sc 38.973264775318796
14 40 Si 39.998403522545864
15 40 P 39.983033522656285
16 40 S 39.966705282766704
17 40 Cl 39.96108960787712
18 40 Ar 39.952508684027542
19 40 K 39.953575147097958
20 40 Ca 39.951619252208374
21 40 Sc 39.966447097318792
22 40 Ti 39.978276388429215
15 41 P 40.986425301656283
16 41 S 40.970816172766703
17 41 Cl 40.961358666877125
18 41 Ar 40.954626131987538
19 41 K 40.951402238207955
20 41 Ca 40.951306307208377
21 41 Sc 40.957730985318797
22 41 Ti 40.971079242429212
15 42 P 41.992943441656287
16 42 S 41.972287821766706
17 42 Cl 41.964016141877124
18 42 Ar 41.953171298987542
19 42 K 41.951979287097956
20 42 Ca 41.947646182208373
21 42 Sc 41.953996508318795
22 42 Ti 41.960980611429214
16 43 S 42.978130356766705
17 43 Cl 42.964737841877124
18 43 Ar 42.955761617987541
19 43 K 42.950311683097958
20 43 Ca 42.947794783208373
21 43 Sc 42.949630247318794
22 43 Ti 42.956459662429211
23 43 V 42.96814866253964
16 44 S 43.981341567766705
17 44 Cl 43.968689059877121
18 44 Ar 43.955049375987542
19 44 K 43.951163966097958
20 44 Ca 43.944509891208376
21 44 Sc 43.947882640318795
22 44 Ti 43.947621178429209
23 44 V 43.961823639539638
24 44 Cr 43.972425082650055
17 45 Cl 44.971068494877123
18 45 Ar 44.958165292987537
19 45 K 44.950268473097957
20 45 Ca 44.94521467220838
21 45 Sc 44.944386873318791
22 45 Ti 44.946052000429212
23 45 V 44.95315116053964
24 45 Cr 44.965884082650057
17 46 Cl 45.975929067877125
18 46 Ar 45.958164805987536
19 46 K 45.951558566097958
20 46 Ca 45.942716128208374
21 46 Sc 45.943646856318793
22 46 Ti 45.940557598429216
23 46 V 45.947580051539639
24 46 Cr 45.955195051650058
25 46 Mn 45.972954502760473
18 47 Ar 46.96289267398754
19 47 K 46.951238594097958
20 47 Ca 46.943569536208379
21 47 Sc 46.940882266318795
22 47 Ti 46.939688733429215
23 47 V 46.942286220539636
24 47 Cr 46.949729077650055
25 47 Mn 46.962059502760475
18 48 Ar 47.966126561987537
19 48 K 47.954918166097961
20 48 Ca 47.941551056208375
21 48 Sc 47.940702725318793
22 48 Ti 47.935871919429211
23 48 V 47.93963356253964
24 48 Cr 47.940863513650058
25 48 Mn 47.954834262760471
26 48 Fe 47.966403922870889
19 49 K 48.957787735097959
20 49 Ca 48.944691027208378
21 49 Sc 48.938492981318795
22 49 Ti 48.935795633429215
23 49 V 48.935893171539639
24 49 Cr 48.938167802650057
25 49 Mn 48.945898852760472
26 49 Fe 48.959165922870895
19 50 K 49.961956997097957
20 50 Ca 49.946527617208375
21 50 Sc 49.940667259318793
22 50 Ti 49.93271686442921
23 50 V 49.93453934353964
24 50 Cr 49.932876291650054
25 50 Mn 49.940523659760473
26 50 Fe 49.948724922870895
27 50 Co 49.966305342981308
19 51 K 50.965405646097956
20 51 Ca 50.950024065208375
21 51 Sc 50.942048660318797
22 51 Ti 50.934540710429211
23 51 V 50.93134032653964
24 51 Cr 50.931599470650056
25 51 Mn 50.934494272760475
26 51 Fe 50.94259205987089
27 51 Co 50.95583534298131
19 52 K 51.97117898209796
20 52 Ca 51.952242048208376
21 52 Sc 51.944975992318795
22 52 Ti 51.934814751429215
23 52 V 51.932156298539638
24 52 Cr 51.927338796650055
25 52 Mn 51.931844592760477
26 52 Fe 51.933850286870893
27 52 Co 51.948318566981307
28 52 Ni 51.960420763091726
19 53 K 52.97637698209796
20 53 Ca 52.957479402208378
21 53 Sc 52.946858995318792
22 53 Ti 52.937601956429212
23 53 V 52.931717602539635
24 53 Cr 52.927480386650053
25 53 Mn 52.927572999760471
26 53 Fe 52.931042551870895
27 53 Co 52.939391620981311
28 53 Ni 52.952829763091728
20 54 Ca 53.962017402208375
21 54 Sc 53.951509181318791
22 54 Ti 53.938823242429216
23 54 V 53.933814671539636
24 54 Cr 53.925711441650058
25 54 Mn 53.92664127476047
26 54 Fe 53.92534511187089
27 54 Co 53.933647417981312
28 54 Ni 53.942472763091729
20 55 Ca 54.969006402208379
21 55 Sc 54.955369459318796
22 55 Ti 54.943022242429215
23 55 V 54.93464466253964
24 55 Cr 54.927670719650052
25 55 Mn 54.92432854276047
26 55 Fe 54.92402808087089
27 55 Co 54.927184758981312
28 55 Ni 54.935969609091728
29 55 Cu 54.950129183202144
20 56 Ca 55.974524402208374
21 56 Sc 55.961087433318795
22 56 Ti 55.945608917429212
23 56 V 55.937802744539638
24 56 Cr 55.927483059650058
25 56 Mn 55.925188318760476
26 56 Fe 55.920672459870893
27 56 Co 55.925026374981307
28 56 Ni 55.92676752409173
29 56 Cu 55.942620461202146
21 57 Sc 56.965527822318791
22 57 Ti 56.950999340429213
23 57 V 56.939679662539639
24 57 Cr 56.930446194650052
25 57 Mn 56.924571446760474
26 57 Fe 56.921128872870895
27 57 Co 56.921478161981312
28 57 Ni 56.924431157091725
29 57 Cu 56.933302869202144
21 58 Sc 57.971861822318793
22 58 Ti 57.954739761429209
23 58 V 57.943978647539637
24 58 Cr 57.931018583650058
25 58 Mn 57.926352145760475
26 58 Fe 57.919010497870893
27 58 Co 57.920939634981309
28 58 Ni 57.919981413091726
29 58 Cu 57.928623466202147
30 58 Zn 57.938132899312563
21 59 Sc 58.976853822318795
23 59 V 58.947006005539635
24 59 Cr 58.935179508650059
25 59 Mn 58.926676613760471
26 59 Fe 58.920610414870893
27 59 Co 58.918381866981306
28 59 Ni 58.91898520509173
29 59 Cu 58.923587896202143
30 59 Zn 58.932854489312561
22 60 Ti 59.964206242429213
23 60 V 59.951861877539635
24 60 Cr 59.936475738650053
25 60 Mn 59.929422076760474
26 60 Fe 59.919807171870893
27 60 Co 59.919003878981307
28 60 Ni 59.915424892091728
29 60 Cu 59.921454970202149
30 60 Zn 59.925383920312562
23 61 V 60.954986191539639
24 61 Cr 60.941212212650058
25 61 Mn 60.930738043760471
26 61 Fe 60.922483163870893
27 61 Co 60.91766437398131
28 61 Ni 60.915694582091731
29 61 Cu 60.917548558202149
30 61 Zn 60.923049567312567
31 61 Ga 60.932392884422981
23 62 V 61.960315218539641
24 62 Cr 61.942977002650053
25 62 Mn 61.934192886760471
26 62 Fe 61.922528731870891
27 62 Co 61.919246540981312
28 62 Ni 61.912984516091726
29 62 Cu 61.916685986202147
30 62 Zn 61.917875962312564
31 62 Ga 61.927183662422983
23 63 V 62.964043662539638
24 63 Cr 62.947995082650053
25 63 Mn 62.935950174760471
26 63 Fe 62.926009620870893
27 63 Co 62.918787972981313
28 63 Ni 62.91430878409173
29 63 Cu 62.913688302202146
30 63 Zn 62.916753743312562
31 63 Ga 62.922288217422981
32 63 Ge 62.932073443533405
24 64 Cr 63.950720082650058
25 64 Mn 63.940134871760471
26 64 Fe 63.926724683870894
27 64 Co 63.920998518981307
28 64 Ni 63.912605991091731
29 64 Cu 63.913855184202149
30 64 Zn 63.912684379312566
31 64 Ga 63.919834389422981
32 64 Ge 63.924135355533409
25 65 Mn 64.942305251760473
26 65 Fe 64.930752245870892
27 65 Co 64.921650413981297
28 65 Ni 64.914724348091738
29 65 Cu 64.911880659202154
30 65 Zn 64.912783137312573
31 65 Ga 64.915728447422993
32 65 Ge 64.921813579533406
33 65 As 64.93150786364383
25 66 Mn 65.946832335760462
26 66 Fe 65.93198688087088
27 66 Co 65.924631285981306
28 66 Ni 65.91377909609173
29 66 Cu 65.912959987202157
30 66 Zn 65.909576242312568
31 66 Ga 65.914583789422991
32 66 Ge 65.916307567533408
33 66 As 65.926045641643825
26 67 Fe 66.936666922870884
27 67 Co 66.925797967981296
28 67 Ni 66.916209176091741
29 67 Cu 66.911820673202158
30 67 Zn 66.910670025312569
31 67 Ga 66.911196299422983
32 67 Ge 66.915162442533401
33 67 As 66.921147973643826
34 67 Se 66.931342283754248
27 68 Co 67.929747743981309
28 68 Ni 67.916508550091734
29 68 Cu 67.913702070202149
30 68 Zn 67.908386835312569
31 68 Ga 67.910974184422983
32 68 Ge 67.910540748533407
33 68 As 67.918670990643832
34 68 Se 67.923173519754243
27 69 Co 68.931097342981303
28 69 Ni 68.920250030091736
29 69 Cu 68.913520450202157
30 69 Zn 68.910092963312565
31 69 Ga 68.908567551422991
32 69 Ge 68.910409910533403
33 69 As 68.914143152643831
34 69 Se 68.920763128754245
35 69 Br 68.931138113864662
27 70 Co 69.935241742981304
28 70 Ni 69.92107106309173
29 70 Cu 69.91648326120216
30 70 Zn 69.90886177831257
31 70 Ga 69.909015937422993
32 70 Ge 69.906693985533408
33 70 As 69.912831505643823
34 70 Se 69.914863804754248
35 70 Br 69.925592024864656
27 71 Co 70.937555265981302
28 71 Ni 70.925158725091734
29 71 Cu 70.916768014202148
30 71 Zn 70.911262181312566
31 71 Ga 70.907696577422996
32 71 Ge 70.907397563533408
33 71 As 70.909010457643831
34 71 Se 70.913557714754248
35 71 Br 70.92014185686466
36 71 Kr 70.930516818975079
28 72 Ni 71.926425687091736
29 72 Cu 71.91991148920215
30 72 Zn 71.910385409312568
31 72 Ga 71.909361475422983
32 72 Ge 71.904521267533411
33 72 As 71.908649154643825
34 72 Se 71.908488789754244
35 72 Br 71.917394309864662
36 72 Kr 71.92234352997508
28 73 Ni 72.930846444091742
29 73 Cu 72.920765559202152
30 73 Zn 72.913125183312573
31 73 Ga 72.908168703422987
32 73 Ge 72.905904397533405
33 73 As 72.905725949643823
34 73 Se 72.908103164754237
35 73 Br 72.912473144864663
36 73 Kr 72.919540316975073
37 73 Rb 72.930307050085503
29 74 Cu 73.923966043202157
30 74 Zn 73.912949863312576
31 74 Ga 73.909939748422985
32 74 Ge 73.903623203533414
33 74 As 73.905825459643822
34 74 Se 73.903824216754245
35 74 Br 73.91070998286466
36 74 Kr 73.913335139975075
37 74 Rb 73.923968411085497
29 75 Cu 74.925615000202157
30 75 Zn 74.916382847312576
31 75 Ga 74.909498507422995
32 75 Ge 74.905303813533408
33 75 As 74.903491425643821
34 75 Se 74.903871153754238
35 75 Br 74.906610269864657
36 75 Kr 74.911196867975079
37 75 Rb 74.918275744085491
38 75 Sr 74.929106731195915
29 76 Cu 75.929360157202154
30 76 Zn 75.916657559312569
31 76 Ga 75.911821647422983
32 76 Ge 75.903848168533401
33 76 As 75.904288874643825
34 76 Se 75.900561985754237
35 76 Br 75.905341277864665
36 76 Kr 75.906161866975083
37 76 Rb 75.9147755750855
38 76 Sr 75.920916724195919
29 77 Cu 76.931634782202153
30 77 Zn 76.920429800312576
31 77 Ga 76.912148322422993
32 77 Ge 76.905995286533411
33 77 As 76.902544418643828
34 77 Se 76.901262433754241
35 77 Br 76.902178896864669
36 77 Kr 76.904921122975082
37 77 Rb 76.910104143085505
38 77 Sr 76.917099418195917
29 78 Cu 77.936007707202151
30 78 Zn 77.921831807312572
31 78 Ga 77.914604877422988
32 78 Ge 77.905298354533414
33 78 As 77.903724634643822
34 78 Se 77.898657527754239
35 78 Br 77.901945561864665
36 78 Kr 77.900617464975085
37 78 Rb 77.907844410085502
38 78 Sr 77.911333943195913
29 79 Cu 78.938564283202155
30 79 Zn 78.926180670312576
31 79 Ga 78.915845605422987
32 79 Ge 78.907804949533414
33 79 As 78.902845282643824
34 79 Se 78.899847535754247
35 79 Br 78.899137277864668
36 79 Kr 78.900334042975075
37 79 Rb 78.903692639085492
38 79 Sr 78.908858656195918
39 79 Y 78.916551384306331
30 80 Zn 79.928095532312568
31 80 Ga 79.919414796422984
32 80 Ge 79.907796216533413
33 80 As 79.904371303643828
34 80 Se 79.897870044754242
35 80 Br 79.899329487864662
36 80 Kr 79.896629063975084
37 80 Rb 79.902218986085501
38 80 Sr 79.90367150219592
39 80 Y 79.912960134306331
30 81 Zn 80.933945220312566
31 81 Ga 80.921127864422985
32 81 Ge 80.911278384533404
33 81 As 80.904029151643826
34 81 Se 80.899341302754237
35 81 Br 80.897087900864662
36 81 Kr 80.89684082697508
37 81 Rb 80.898696444085502
38 81 Sr 80.902365357195919
39 81 Y 80.908059667306333
40 81 Zr 80.916301804416747
30 82 Zn 81.938116700312577
31 82 Ga 81.926170554422995
32 82 Ge 81.912219474533401
33 82 As 81.906635594643831
34 82 Se 81.89804781475425
35 82 Br 81.89760145586466
36 82 Kr 81.893732277655076
37 82 Rb 81.897911567085501
38 82 Sr 81.897553809195912
39 82 Y 81.905535573306338
40 82 Zr 81.909764301416757
31 83 Ga 82.930114323422984
32 83 Ge 82.916984543533403
33 83 As 82.907103763643832
34 83 Se 82.900466887754249
35 83 Br 82.895974988864666
36 83 Kr 82.894377639975076
37 83 Rb 82.894816725085505
38 83 Sr 82.896708336195914
39 83 Y 82.901089410306341
40 83 Zr 82.907297730416758
41 83 Nb 82.915658224527164
31 84 Ga 83.935657023422991
32 84 Ge 83.920020533533403
33 84 As 83.911200153643833
34 84 Se 83.899815044754249
35 84 Br 83.897296120864667
36 84 Kr 83.891748851055084
37 84 Rb 83.894077767085491
38 84 Sr 83.892573082195909
39 84 Y 83.899276444306338
40 84 Zr 83.901382467416752
41 84 Nb 83.911813935527164
31 85 Ga 84.940327023422995
32 85 Ge 84.925415101533403
33 85 As 84.914060521643819
34 85 Se 84.903609041754237
35 85 Br 84.896445461864658
36 85 Kr 84.892778383975084
37 85 Rb 84.891492280125505
38 85 Sr 84.892086005195921
39 85 Y 84.895038423306332
40 85 Zr 84.899500003416748
41 85 Nb 84.906354060527164
42 85 Mo 84.915220380637592
32 86 Ge 85.929412443533408
33 86 As 85.918598395643826
34 86 Se 85.90566001575425
35 86 Br 85.899605135864661
36 86 Kr 85.890861748655084
37 86 Rb 85.890869987085495
38 86 Sr 85.88841468892592
39 86 Y 85.893491479306334
40 86 Zr 85.894353618416758
41 86 Nb 85.903289760527173
42 86 Mo 85.908133736637595
33 87 As 86.92218857964383
34 87 Se 86.910036899754246
35 87 Br 86.901473719864669
36 87 Kr 86.893605882975081
37 87 Rb 86.888883073085495
38 87 Sr 86.888031458735909
39 87 Y 86.88948148430633
40 87 Zr 86.892874142416758
41 87 Nb 86.898200697527173
42 87 Mo 86.905155842637583
43 87 Tc 86.914478249748001
34 88 Se 87.912765773754245
35 88 Br 87.904882993864661
36 88 Kr 87.894699002975074
37 88 Rb 87.891018134085499
38 88 Sr 87.884766217195917
39 88 Y 87.888106658306327
40 88 Zr 87.888277519416746
41 88 Nb 87.895734700527171
42 88 Mo 87.898927423637588
43 88 Tc 87.910205275748012
34 89 Se 88.918017341754251
35 89 Br 88.907504261864659
36 89 Kr 88.898086572975075
37 89 Rb 88.891980680085496
38 89 Sr 88.886604772195909
39 89 Y 88.884443540306336
40 89 Zr 88.886936555416753
41 89 Nb 88.89095292052717
42 89 Mo 88.896427793637585
43 89 Tc 88.904059713748012
44 89 Ru 88.913200333858427
34 90 Se 89.921444283754241
35 90 Br 89.91209255186466
36 90 Kr 89.899779052975077
37 90 Rb 89.894500101085498
38 90 Sr 89.886881834195918
39 90 Y 89.885747133306339
40 90 Zr 89.882755559416751
41 90 Nb 89.888767425527163
42 90 Mo 89.890890914637595
43 90 Tc 89.900484983748001
44 90 Ru 89.906206862858426
34 91 Se 90.927048283754246
35 91 Br 90.915198320864661
36 91 Kr 90.90405743297508
37 91 Rb 90.8962398050855
38 91 Sr 90.889349906195918
39 91 Y 90.885903432306336
40 91 Zr 90.88369700941675
41 91 Nb 90.884498480527171
42 91 Mo 90.888704834637593
43 91 Tc 90.894836036748003
44 91 Ru 90.902604014858426
35 92 Br 91.920431298864656
36 92 Kr 91.906424215975079
37 92 Rb 91.899431021085505
38 92 Sr 91.890192186195918
39 92 Y 91.887551136306328
40 92 Zr 91.88309214041675
41 92 Nb 91.884696804527167
42 92 Mo 91.883766797637591
43 92 Tc 91.891680841748013
44 92 Ru 91.896096857858424
45 92 Rh 91.907681596968843
46 92 Pd 91.91595755007927
35 93 Br 92.924019703864658
36 93 Kr 92.911398295975076
37 93 Rb 92.901741878085502
38 93 Sr 92.893178278195919
39 93 Y 92.888183818306331
40 93 Zr 92.884527465416753
41 93 Nb 92.883881394527165
42 93 Mo 92.883768416637594
43 93 Tc 92.886656211748004
44 93 Ru 92.892966926858421
45 93 Rh 92.90122668296884
46 93 Pd 92.91144575107927
36 94 Kr 93.914391575975074
37 94 Rb 93.906097363085493
38 94 Sr 93.894509605195921
39 94 Y 93.890197446306331
40 94 Zr 93.884369327416749
41 94 Nb 93.884787225527177
42 94 Mo 93.882043230637592
43 94 Tc 93.886063383748009
44 94 Ru 93.88720534485843
45 94 Rh 93.897044354968841
46 94 Pd 93.903801611079274
36 95 Kr 94.919962045975083
37 95 Rb 94.908966393085493
38 95 Sr 94.898512246195921
39 95 Y 94.891425081306338
40 95 Zr 94.886097080416747
41 95 Nb 94.884339334527169
42 95 Mo 94.882797080637587
43 95 Tc 94.884063345748004
44 95 Ru 94.886266899858427
45 95 Rh 94.891211797968836
46 95 Pd 94.899653831079277
36 96 Kr 95.923265596975085
37 96 Rb 95.913835942085498
38 96 Sr 95.900873009195919
39 96 Y 95.894514689306334
40 96 Zr 95.886334419416755
41 96 Nb 95.885609810527171
42 96 Mo 95.881634414637588
43 96 Tc 95.884277739748001
44 96 Ru 95.883451394858426
45 96 Rh 95.889765609968848
46 96 Pd 95.89297906407927
47 96 Ag 95.9049606481897
36 97 Kr 96.929339905975084
37 97 Rb 96.916879661085503
38 97 Sr 96.905529585195922
39 97 Y 96.896892086306337
40 97 Zr 96.88902060641675
41 97 Nb 96.885609846527174
42 97 Mo 96.882976547637583
43 97 Tc 96.882771784748002
44 97 Ru 96.883408260858431
45 97 Rh 96.886641776968844
46 97 Pd 96.891237310079276
47 97 Ag 96.898098145189692
48 97 Cd 96.908467508300106
37 98 Rb 97.921334861085498
38 98 Sr 97.90784660019591
39 98 Y 97.901000225306333
40 98 Zr 97.890797252416746
41 98 Nb 97.887840869527167
42 98 Mo 97.882363253637592
43 98 Tc 97.883622270748006
44 98 Ru 97.88114919385842
45 98 Rh 97.886021638968842
46 98 Pd 97.887463660079277
47 98 Ag 97.895776715189697
48 98 Cd 97.901057480300111
37 99 Rb 98.924821734085498
38 99 Sr 98.912037568195913
39 99 Y 98.90276622330633
40 99 Zr 98.894731885416746
41 99 Nb 98.889117601527175
42 99 Mo 98.884666943637583
43 99 Tc 98.882660745748012
44 99 Ru 98.881792768858418
45 99 Rh 98.883435145968846
46 99 Pd 98.886538398079281
47 99 Ag 98.8918625111897
48 99 Cd 98.898594010300116
37 100 Rb 99.930034076085505
38 100 Sr 99.914937234195918
39 100 Y 99.906333062306331
40 100 Zr 99.896067303416757
41 100 Nb 99.891848802527164
42 100 Mo 99.884427626637589
43 100 Tc 99.884063779748004
44 100 Ru 99.880072944858426
45 100 Rh 99.883428051968849
46 100 Pd 99.883285763079272
47 100 Ag 99.890332188189689
48 100 Cd 99.894016994300117
49 100 In 99.904221514410523
50 100 Sn 99.911219949520941
37 101 Rb 100.9340045440855
38 101 Sr 100.91976022819591
39 101 Y 100.90876620130634
40 101 Zr 100.89951525841676
41 101 Nb 100.89281473252717
42 101 Mo 100.88729729263758
43 101 Tc 100.88371633574801
44 101 Ru 100.88143557085843
45 101 Rh 100.88147280796885
46 101 Pd 100.88305014907928
47 101 Ag 100.8869006961897
48 101 Cd 100.89225437430011
49 101 In 100.89953361041053
50 101 Sn 100.90783025752094
37 102 Rb 101.9397105440855
38 102 Sr 101.92315864319592
39 102 Y 101.91293385530633
40 102 Zr 101.90121098541675
41 102 Nb 101.89559867152717
42 102 Mo 101.88725336963759
43 102 Tc 101.885618303748
44 102 Ru 101.88020279685843
45 102 Rh 101.88214818696885
46 102 Pd 101.88039761707928
47 102 Ag 101.88592128318969
48 102 Cd 101.8881499623001
49 102 In 101.89722549641053
50 102 Sn 101.90286053052095
39 103 Y 102.91584918030634
40 103 Zr 102.90526085841675
41 103 Nb 102.89696164052717
42 103 Mo 102.89005159863758
43 103 Tc 102.88558502474801
44 103 Ru 102.88217733085843
45 103 Rh 102.88080798596884
46 103 Pd 102.88087639907927
47 103 Ag 102.8831773031897
48 103 Cd 102.88708508730011
49 103 In 102.89299841541053
40 104 Zr 103.90750599741675
41 104 Nb 103.90041595252717
42 104 Mo 103.89070708763759
43 104 Tc 103.887844782748
44 104 Ru 103.88128779685843
45 104 Rh 103.88195921396884
46 104 Pd 103.87879571807927
47 104 Ag 103.8828404601897
48 104 Cd 103.88352439330011
49 104 In 103.89133412341053
50 104 Sn 103.89567620052095
52 104 Te 103.91819725374178
40 105 Zr 104.91207863641675
41 105 Nb 104.90245080152717
42 105 Mo 104.89394163363758
43 105 Tc 104.888073088748
44 105 Ru 104.88360796285842
45 105 Rh 104.88100169196885
46 105 Pd 104.87984480407927
47 105 Ag 104.88074234918969
48 105 Cd 104.88313205830011
49 105 In 104.88762190741053
50 105 Sn 104.89383942652094
51 105 Sb 104.90329897263136
52 105 Te 104.91477836174178
41 106 Nb 105.90643672952717
42 106 Mo 105.89523287563759
43 106 Tc 105.89076773874801
44 106 Ru 105.88319066585842
45 106 Rh 105.88259978396884
46 106 Pd 105.87824561207927
47 106 Ag 105.8808802441897
48 106 Cd 105.88012795630011
49 106 In 105.88658318141053
50 106 Sn 105.88952839952094
51 106 Sb 105.90066040463137
52 106 Te 105.90897236674178
41 107 Nb 106.90909790952718
42 107 Mo 106.89907941463758
43 107 Tc 106.891869501748
44 107 Ru 106.88583232185843
45 107 Rh 106.88206187996884
46 107 Pd 106.87989338307928
47 107 Ag 106.8793082541897
48 107 Cd 106.88028021430011
49 107 In 106.88340708241053
50 107 Sn 106.88828465452094
51 107 Sb 106.89617304663136
41 108 Nb 107.91358382852717
42 108 Mo 107.90100715263759
43 108 Tc 107.89490455774801
44 108 Ru 107.88604827785842
45 108 Rh 107.88402920896884
46 108 Pd 107.87865713107928
47 108 Ag 107.88016699018969
48 108 Cd 107.87785175330011
49 108 In 107.88281323941052
50 108 Sn 107.88446529552095
51 108 Sb 107.89424915663136
52 108 Te 107.90085431474178
54 108 Xe 107.92460897096262
41 109 Nb 108.91664922452718
42 109 Mo 108.90539796263759
43 109 Tc 108.89666517174801
44 109 Ru 108.88918619185843
45 109 Rh 108.88406345996884
46 109 Pd 108.88071590107927
47 109 Ag 108.87897252318969
48 109 Cd 108.87865486230011
49 109 In 108.88026926441053
50 109 Sn 108.88386386252095
51 109 Sb 108.89016362863137
52 109 Te 108.89877837774178
53 109 I 108.90901128785219
54 109 Xe 108.92081164096263
41 110 Nb 109.92135122452717
42 110 Mo 109.90767760063758
43 110 Tc 109.900152327748
44 110 Ru 109.88990098585842
45 110 Rh 109.88639364996884
46 110 Pd 109.87993820307928
47 110 Ag 109.88032746918969
48 110 Cd 109.87667563530012
49 110 In 109.88029025941053
50 110 Sn 109.88041584052095
51 110 Sb 109.88887670863137
52 110 Te 109.89393194774178
53 110 I 109.9060103678522
54 110 Xe 109.91463544496261
42 111 Mo 110.91261161063758
43 111 Tc 110.90231003074801
44 111 Ru 110.89343005085843
45 111 Rh 110.88695706896884
46 111 Pd 110.88245568307927
47 111 Ag 110.87951357218969
48 111 Cd 110.87785194130011
49 111 In 110.87822682141054
50 111 Sn 110.88031214852094
51 111 Sb 110.88524061263136
52 111 Te 110.89247443274178
53 111 I 110.9011945018522
43 112 Tc 111.90635272274801
44 112 Ru 111.89466940685843
45 112 Rh 111.88971910396884
46 112 Pd 111.88209588207927
47 112 Ag 111.8812652931897
48 112 Cd 111.87643206130011
49 112 In 111.87865830341053
50 112 Sn 111.87739589952095
51 112 Sb 111.88442232863136
52 112 Te 111.88820169374178
53 112 I 111.89892981385221
54 112 Xe 111.90593575396262
43 113 Tc 112.90898009674801
44 113 Ru 112.89870921385842
45 113 Rh 112.89075411696884
46 113 Pd 112.88502723707927
47 113 Ag 112.88078961018969
48 113 Cd 112.87807627030011
49 113 In 112.87718003641054
50 113 Sn 112.87774686252095
51 113 Sb 112.88139708963136
52 113 Te 112.88736484574179
53 113 I 112.89457532785219
54 113 Xe 112.90359834896262
55 113 Cs 112.91425659007304
43 114 Tc 113.913501064748
44 114 Ru 113.90047691485843
45 114 Rh 113.89403558496885
46 114 Pd 113.88513475507928
47 114 Ag 113.8830397741897
48 114 Cd 113.87703316330011
49 114 In 113.87803599041052
50 114 Sn 113.87535113552094
51 114 Sb 113.88131158063136
52 114 Te 113.88356166574178
53 114 I 113.8929441658522
54 114 Xe 113.89835701496261
55 114 Cs 113.91112035007303
56 114 Ba 113.91999801518345
44 115 Ru 114.90489553385842
45 115 Rh 114.89562555396884
46 115 Pd 114.88842465807927
47 115 Ag 114.88298419018969
48 115 Cd 114.87910559130012
49 115 In 114.87699835741053
50 115 Sn 114.87591570052095
51 115 Sb 114.87862042563137
52 115 Te 114.88337584574178
53 115 I 114.8889732658522
54 115 Xe 114.89667062896262
44 116 Ru 115.90708167585842
45 116 Rh 115.89937596496884
46 116 Pd 115.88906319707928
47 116 Ag 115.8856035541897
48 116 Cd 115.87843139530011
49 116 In 115.87837957741053
50 116 Sn 115.87431383052095
51 116 Sb 115.87881515763137
52 116 Te 115.87993940374179
53 116 I 115.8878107788522
54 116 Xe 115.89195764096262
44 117 Ru 116.91199748485842
45 117 Rh 116.90135019596885
46 117 Pd 116.89272090907927
47 117 Ag 116.88599083118969
48 117 Cd 116.88089420430011
49 117 In 116.87763531441053
50 117 Sn 116.87552504152094
51 117 Sb 116.87686394463137
52 117 Te 116.88012007274179
53 117 I 116.8845709148522
54 117 Xe 116.89073544396263
55 117 Cs 116.89844482907304
56 117 Ba 116.90759592918346
45 118 Rh 117.90565502096884
46 118 Pd 117.89383259807927
47 118 Ag 117.8888122291897
48 118 Cd 117.88059012130012
49 118 In 117.87947629041052
50 118 Sn 117.87417763552095
51 118 Sb 117.87755461963137
52 118 Te 117.87733394974178
53 118 I 117.8839992658522
54 118 Xe 117.88655536396261
55 118 Cs 117.89638762307304
45 119 Rh 118.90787085596884
46 119 Pd 118.89810646307927
47 119 Ag 118.8897870541897
48 119 Cd 118.88351521730011
49 119 In 118.87897120741053
50 119 Sn 118.87588227152095
51 119 Sb 118.87596648763136
52 119 Te 118.87787954474179
53 119 I 118.8809861758522
54 119 Xe 118.88578732696261
55 119 Cs 118.89220543307304
56 119 Ba 118.89993920918346
46 120 Pd 119.89931707007928
47 120 Ag 119.89300151018969
48 120 Cd 119.88353623030011
49 120 In 119.88108707441053
50 120 Sn 119.87477356252094
51 120 Sb 119.87710273363136
52 120 Te 119.87553962474179
53 120 I 119.8810189948522
54 120 Xe 119.88216095296262
55 120 Cs 119.89050538307303
56 120 Ba 119.89532452318346
45 121 Rh 120.91492690496884
46 121 Pd 120.90371566707927
47 121 Ag 120.8943420241897
48 121 Cd 120.88663182530011
49 121 In 120.88097236341054
50 121 Sn 120.87681449352095
51 121 Sb 120.87583377863136
52 121 Te 120.87641891074179
53 121 I 120.8783367578522
54 121 Xe 120.88182969796262
55 121 Cs 120.88705534107304
56 121 Ba 120.89333181218346
46 122 Pd 121.90539701807927
47 122 Ag 121.8978811911897
48 122 Cd 121.88712721530011
49 122 In 121.88340204341053
50 122 Sn 121.87601649952094
51 122 Sb 121.87719176063136
52 122 Te 121.87451855374178
53 122 I 121.8785153598522
54 122 Xe 121.87874434096263
55 122 Cs 121.88593625007304
56 122 Ba 121.88918352618346
46 123 Pd 122.90989132507927
47 123 Ag 122.8995318051897
48 123 Cd 122.89056062530011
49 123 In 122.88355483741053
50 123 Sn 122.87829807052094
51 123 Sb 122.87623771763137
52 123 Te 122.87574486774179
53 123 I 122.8765150188522
54 123 Xe 122.87885892096261
55 123 Cs 122.88282416607304
56 123 Ba 122.88806058618346
47 124 Ag 123.9031159721897
48 124 Cd 123.8913279373001
49 124 In 123.88630445841054
50 124 Sn 123.87785062452095
51 124 Sb 123.87795949063137
52 124 Te 123.87429218674178
53 124 I 123.8771355628522
54 124 Xe 123.87626185996263
55 124 Cs 123.88207547207304
56 124 Ba 123.88437315318346
57 124 La 123.89330522129387
47 125 Ag 124.90495174518969
48 125 Cd 124.89492575530011
49 125 In 124.88679342641053
50 125 Sn 124.88036037552095
51 125 Sb 124.87727668963137
52 125 Te 124.87590502374178
53 125 I 124.8755558758522
54 125 Xe 124.87676432596263
55 125 Cs 124.87955405907304
56 125 Ba 124.88375136618346
57 125 La 124.88954687729387
48 126 Cd 125.89609845530011
49 126 In 125.88958778741053
50 126 Sn 125.88022996352095
51 126 Sb 125.87927558363137
52 126 Te 125.87478598974178
53 126 I 125.8765494708522
54 126 Xe 125.87467410796262
55 126 Cs 125.87927392707304
56 126 Ba 125.88052972818346
57 126 La 125.88824361329388
58 126 Ce 125.89215336640429
48 127 Cd 126.8998714563001
49 127 In 126.89058562541052
50 127 Sn 126.88296273152095
51 127 Sb 126.87894798263136
52 127 Te 126.87670083874178
53 127 I 126.87539785785221
54 127 Xe 126.87556032196262
55 127 Cs 126.87724563307304
56 127 Ba 126.88037079818345
57 127 La 126.88510602929388
58 127 Ce 126.89090936640429
48 128 Cd 127.9014849433001
49 128 In 127.89347322241053
50 128 Sn 127.88307883352094
51 128 Sb 127.88116854663137
52 128 Te 127.87593508274179
53 128 I 127.8767346208522
54 128 Xe 127.87390743937262
55 128 Cs 127.87757655807305
56 128 Ba 127.87763197218345
57 128 La 127.88432306929387
58 128 Ce 127.88709336640429
59 128 Pr 127.89642478651471
48 129 Cd 128.90590376230008
49 129 In 128.89492811941054
50 129 Sn 128.88605344552093
51 129 Sb 128.88116904863136
52 129 Te 128.87807026474178
53 129 I 128.87590890885221
54 129 Xe 128.87515754338261
55 129 Cs 128.87589401607303
56 129 Ba 128.87796293518346
57 129 La 128.88142653829388
58 129 Ce 128.88628436640431
59 129 Pr 128.89272878651471
48 130 Cd 129.9080557283001
49 130 In 129.89807184241053
50 130 Sn 129.88654553652094
51 130 Sb 129.88368511163137
52 130 Te 129.87769659074178
53 130 I 129.87759543385221
54 130 Xe 129.8738860319626
55 130 Cs 129.87653738707303
56 130 Ba 129.87560552818346
57 130 La 129.88110035929387
58 130 Ce 129.88291836640431
59 130 Pr 129.8912237865147
60 130 Nd 129.89559120662514
48 131 Cd 130.9143959053001
49 131 In 130.90009242441053
50 131 Sn 130.88962407252095
51 131 Sb 130.88401176463137
52 131 Te 130.87999605574177
53 131 I 130.87705164085222
54 131 Xe 130.87546081404261
55 131 Cs 130.87529656307305
56 131 Ba 130.87622584118347
57 131 La 130.87880094629386
58 131 Ce 130.88261183140432
59 131 Pr 130.8878687465147
60 131 Nd 130.89433322662515
48 132 Cd 131.9194913013001
49 132 In 131.90611802941052
50 132 Sn 131.89039490352093
51 132 Sb 131.88653043863135
52 132 Te 131.88002055874176
53 132 I 131.8789187768522
54 132 Xe 131.87453176942262
55 132 Cs 131.87626584607304
56 132 Ba 131.87434075718346
57 132 La 131.87884999329387
58 132 Ce 131.87964859240429
59 132 Pr 131.88687378651471
60 132 Nd 131.89040644362515
50 133 Sn 132.89648475852093
51 133 Sb 132.88729455363136
52 133 Te 132.88243717574176
53 133 I 132.8787536658522
54 133 Xe 132.8762874339626
55 133 Cs 132.87528006407302
56 133 Ba 132.87528696918346
57 133 La 132.87694894629388
58 133 Ce 132.87970276840431
59 133 Pr 132.88396434451471
60 133 Nd 132.88943320662514
61 133 Pm 132.89631862673554
50 134 Sn 133.90125143552092
51 134 Sb 133.89255975963135
52 134 Te 133.88287022174177
53 134 I 133.88070092585221
54 134 Xe 133.8757697159626
55 134 Cs 133.87654660707304
56 134 Ba 133.87378777518347
57 134 La 133.87724495729387
58 134 Ce 133.87711050840431
59 134 Pr 133.8833305155147
60 134 Nd 133.88587541362514
61 134 Pm 133.89486262673555
50 135 Sn 134.90747960852093
51 135 Sb 134.89720677963138
52 135 Te 134.88802856074176
53 135 I 134.88098462085219
54 135 Xe 134.8776081269626
55 135 Cs 134.87580501307303
56 135 Ba 134.87496797318346
57 135 La 134.87571537329387
58 135 Ce 134.87734302840431
59 135 Pr 134.88074555851472
60 135 Nd 134.88526652462514
61 135 Pm 134.89132162673553
62 135 Sm 134.89850804684599
51 136 Sb 135.90277143463138
52 136 Te 135.89157502574176
53 136 I 135.8855299588522
54 136 Xe 135.87759115996261
55 136 Cs 135.87713953707305
56 136 Ba 135.87385532618347
57 136 La 135.87636590829388
58 136 Ce 135.8753116224043
59 136 Pr 135.88031125651472
60 136 Nd 135.88206126762515
61 136 Pm 135.89013257573555
62 136 Sm 135.89426359984597
51 137 Sb 136.90754494463135
52 137 Te 136.89707319974178
53 137 I 136.88895344385219
54 137 Xe 136.8819344569626
55 137 Cs 136.87691740207305
56 137 Ba 136.87510673318346
57 137 La 136.87518138429388
58 137 Ce 136.8759447824043
59 137 Pr 136.87831296951472
60 137 Nd 136.88164830562513
61 137 Pm 136.88701614573554
62 137 Sm 136.89299600584599
63 137 Eu 136.90087018595639
52 138 Te 137.90094629774177
53 138 I 137.89365165785219
54 138 Xe 137.8845229539626
55 138 Cs 137.88084522507305
56 138 Ba 137.87452658518347
57 138 La 137.87585498729388
58 138 Ce 137.8741765464043
59 138 Pr 137.87839128151472
60 138 Nd 137.87903614462513
61 138 Pm 137.88611274573555
62 138 Sm 137.88923203484597
63 138 Eu 137.89914846695638
52 139 Te 138.90684103674178
53 139 I 138.8974186658522
54 139 Xe 138.88916888596262
55 139 Cs 138.88319192807305
56 139 Ba 138.87812069018347
57 139 La 138.87509387329388
58 139 Ce 138.8748293954043
59 139 Pr 138.87656648651472
60 139 Nd 138.87903641462515
61 139 Pm 138.88333585473555
62 139 Sm 138.88828467784597
63 139 Eu 138.8952317739564
52 140 Te 139.91096090274178
53 140 I 139.9026411798522
54 140 Xe 139.89202249996259
55 140 Cs 139.88711181307303
56 140 Ba 139.87988775718347
57 140 La 139.87821823129389
58 140 Ce 139.87363079940431
59 140 Pr 139.87671938651471
60 140 Nd 139.87663133662514
61 140 Pm 139.88257254473555
62 140 Sm 139.88498276084599
63 140 Eu 139.89352709995637
64 140 Gd 139.89856488706681
65 140 Tb 139.91014735517723
53 141 I 140.9065913468522
54 141 Xe 140.89716386696261
55 141 Cs 140.88987338507303
56 141 Ba 140.88368317918346
57 141 La 140.87970210129387
58 141 Ce 140.87646835740432
59 141 Pr 140.87529339051471
60 141 Nd 140.87670189662515
61 141 Pm 140.88009170773555
62 141 Sm 140.88446959184597
63 141 Eu 140.89037120095639
64 141 Gd 140.89701688706683
65 141 Tb 140.90579030717723
53 142 I 141.9120918608522
54 142 Xe 141.90034978096261
55 142 Cs 141.89412762007305
56 142 Ba 141.88571243018347
57 142 La 141.88282170629387
58 142 Ce 141.87743257440431
59 142 Pr 141.87768542651472
60 142 Nd 141.87481403062515
61 142 Pm 141.87942760873554
62 142 Sm 141.88119746184597
63 142 Eu 141.88888618595638
64 142 Gd 141.8930068870668
65 142 Tb 141.90362316517721
54 143 Xe 142.9057462359626
55 143 Cs 142.89717545207304
56 143 Ba 142.88990467518346
57 143 La 142.88481042829386
58 143 Ce 142.8805743194043
59 143 Pr 142.8784564105147
60 143 Nd 142.87690502162513
61 143 Pm 142.87747469473555
62 143 Sm 142.88062289484597
63 143 Eu 142.88573814495638
64 143 Gd 142.89164156506681
65 143 Tb 142.89947963917723
66 143 Dy 142.90778805928764
54 144 Xe 143.90932176196262
55 144 Cs 143.90190350807305
56 144 Ba 143.89223434718346
57 144 La 143.88837653529387
58 144 Ce 143.88183512940429
59 144 Pr 143.88094446851471
60 144 Nd 143.87717800462514
61 144 Pm 143.87913283473554
62 144 Sm 143.87799433184597
63 144 Eu 143.8842589479564
64 144 Gd 143.88785388706683
65 144 Tb 143.89738730717721
66 144 Dy 143.90306323928766
67 144 Ho 143.91535485939806
54 145 Xe 144.9150963169626
55 145 Cs 144.90535703307305
56 145 Ba 144.89679792618347
57 145 La 144.89053901129387
58 145 Ce 144.88544747940432
59 145 Pr 144.88215177351472
60 145 Nd 144.87966435762513
61 145 Pm 144.87929237473554
62 145 Sm 144.87940520384598
63 145 Eu 144.88171212595637
64 145 Gd 144.88660093806681
65 145 Tb 144.89305930817721
66 145 Dy 144.90126771928766
67 145 Ho 144.91051253939804
54 146 Xe 145.91889493096261
55 146 Cs 145.91044997307304
56 146 Ba 145.89964272618346
57 146 La 145.89441896329387
58 146 Ce 145.8869946604043
59 146 Pr 145.8853214165147
60 146 Nd 145.88020766562514
61 146 Pm 145.88123886673554
62 146 Sm 145.87903488184597
63 146 Eu 145.88265031895639
64 146 Gd 145.88320940006682
65 146 Tb 145.89159504617723
66 146 Dy 145.89663825328765
67 146 Ho 145.90823865039806
68 146 Er 145.91511492450849
55 147 Cs 146.91408961807304
56 147 Ba 146.90458342618348
57 147 La 146.89714874629388
58 147 Ce 146.8908722664043
59 147 Pr 146.8866412245147
60 147 Nd 146.88319117562514
61 147 Pm 146.88168157073554
62 147 Sm 146.88089244784598
63 147 Eu 146.88219190695639
64 147 Gd 146.88399190106682
65 147 Tb 146.88839692717721
66 147 Dy 146.89487643928766
67 147 Ho 146.90338744039806
68 147 Er 146.91266102350849
69 147 Tm 146.92352787461888
55 148 Cs 147.91946713207304
56 148 Ba 147.90750252618346
57 148 La 147.90141034629389
58 148 Ce 147.89260655240432
59 148 Pr 147.88976377851472
60 148 Nd 147.88398423362514
61 148 Pm 147.88401771773556
62 148 Sm 147.88081727984599
63 148 Eu 147.88353075495638
64 148 Gd 147.88301230106683
65 148 Tb 147.88861778317721
66 148 Dy 147.89094367128766
67 148 Ho 147.90098907239806
68 148 Er 147.90743159350848
69 148 Tm 147.9205320136189
56 149 Ba 148.91256352618348
57 149 La 148.90408220529386
58 149 Ce 148.89660926640431
59 149 Pr 148.89136988651472
60 149 Nd 148.88723978962514
61 149 Pm 148.88487813373555
62 149 Sm 148.88317925784597
63 149 Eu 148.88337634195639
64 149 Gd 148.88423855306681
65 149 Tb 148.88759609917722
66 149 Dy 148.89112124328764
67 149 Ho 148.89706560439805
68 149 Er 148.90500256750849
56 150 Ba 149.91572062618346
57 150 La 149.90827844629388
58 150 Ce 149.89856639840431
59 150 Pr 149.89431017751471
60 150 Nd 149.88798652862513
61 150 Pm 149.88752664073556
62 150 Sm 149.88327003984597
63 150 Eu 149.88514655895639
64 150 Gd 149.88355483606682
65 150 Tb 149.88800710617721
66 150 Dy 149.88938679528766
67 150 Ho 149.89674350039806
68 150 Er 149.90061209150849
57 151 La 150.91149994629387
58 151 Ce 150.90245456640432
59 151 Pr 150.89594285251471
60 151 Nd 150.89092456962516
61 151 Pm 150.88775323973556
62 151 Sm 150.88592690584599
63 151 Eu 150.88529607295638
64 151 Gd 150.88524580906682
65 151 Tb 150.88745127717721
66 151 Dy 150.88998500628765
67 151 Ho 150.89494332339805
68 151 Er 150.90014513450848
69 151 Tm 150.90764242061888
70 151 Yb 150.91700186072933
59 152 Pr 151.89918668651472
60 152 Nd 151.89177644862514
61 152 Pm 151.89004181173556
62 152 Sm 151.88572669284599
63 152 Eu 151.8871904469564
64 152 Gd 151.88468930106683
65 152 Tb 151.88842416217722
66 152 Dy 151.88851900128765
67 152 Ho 151.89496276539805
68 152 Er 151.89774691450847
69 152 Tm 151.9066239876189
70 152 Yb 151.91192610672931
59 153 Pr 152.90153729751472
60 153 Nd 152.89480307462514
61 153 Pm 152.89069287873554
62 153 Sm 152.88809162284599
63 153 Eu 152.88667625595639
64 153 Gd 152.88664783206681
65 153 Tb 152.88778400117721
66 153 Dy 152.88956545628764
67 153 Ho 152.89345181839806
68 153 Er 152.89778291750849
69 153 Tm 152.90420601061888
71 153 Lu 152.91985307583974
59 154 Pr 153.90551895151472
60 154 Nd 153.89668261062513
61 154 Pm 153.89324941773555
62 154 Sm 153.88820380284599
63 154 Eu 153.88842516595639
64 154 Gd 153.88576386106681
65 154 Tb 153.88902598817722
66 154 Dy 153.88822264728765
67 154 Ho 153.89385192339805
68 154 Er 153.89548736650849
69 154 Tm 153.9037180496189
70 154 Yb 153.90799510372932
59 155 Pr 154.90814297951471
60 155 Nd 154.90022080462515
61 155 Pm 154.89467357773555
62 155 Sm 154.89063469184597
63 155 Eu 154.88833931395638
64 155 Gd 154.8875202430668
65 155 Tb 154.88785181817721
66 155 Dy 154.88955177628765
67 155 Ho 154.89234851039805
68 155 Er 154.8959122775085
69 155 Tm 154.90135756361889
70 155 Yb 154.90738262372932
71 155 Lu 154.91537683283974
59 156 Pr 155.9124006865147
60 156 Nd 155.90245556462514
61 156 Pm 155.89765068573556
62 156 Sm 155.89152623784597
63 156 Eu 155.89020244295639
64 156 Gd 155.88702100706681
65 156 Tb 155.88909651617723
66 156 Dy 155.88807732028766
67 156 Ho 155.89288678139806
68 156 Er 155.89376249350849
69 156 Tm 155.90113373361888
70 156 Yb 155.90441650372932
71 156 Lu 155.91413743383973
72 156 Hf 155.91990133095015
59 157 Pr 156.9156368865147
60 157 Nd 156.90643628062514
61 157 Pm 156.89965792473555
62 157 Sm 156.89440664484599
63 157 Eu 156.89087202295639
64 157 Gd 156.88885831106683
65 157 Tb 156.88837419517722
66 157 Dy 156.88926328228766
67 157 Ho 156.89149712139806
68 157 Er 156.89461921950848
69 157 Tm 156.89912098761889
70 157 Yb 156.90425077572931
71 157 Lu 156.91119563483971
73 157 Ta 156.92818111306059
60 158 Nd 157.90929082662515
61 158 Pm 157.90308357473555
62 158 Sm 157.89593730884599
63 158 Eu 157.89322165895638
64 158 Gd 157.88900208706681
65 158 Tb 157.88976224917721
66 158 Dy 157.88820854428766
67 158 Ho 157.89219005739807
68 158 Er 157.8925900415085
69 158 Tm 157.89912751261889
70 158 Yb 157.90147060972933
71 158 Lu 157.91036644783972
72 158 Hf 157.91530346495017
60 159 Nd 158.91370429162515
61 159 Pm 158.90582303573555
62 159 Sm 158.89920517684598
63 159 Eu 158.89453897895638
64 159 Gd 158.8912867090668
65 159 Tb 158.88969601417722
66 159 Dy 158.88953966528766
67 159 Ho 158.89096383039805
68 159 Er 158.89338735750849
69 159 Tm 158.8971229876189
70 159 Yb 158.90165966472932
71 159 Lu 158.90768644283972
72 159 Hf 158.91449808495017
73 159 Ta 158.9229817140606
60 160 Nd 159.91692437862514
61 160 Pm 159.90975189873555
62 160 Sm 159.90132507884599
63 160 Eu 159.89727644895638
64 160 Gd 159.89195208906682
65 160 Tb 159.89151686017721
66 160 Dy 159.88899730528766
67 160 Ho 159.89198068539807
68 160 Er 159.8917737605085
69 160 Tm 159.89741216461888
70 160 Yb 159.89915861772931
71 160 Lu 159.90708382783973
72 160 Hf 159.91118497595016
73 160 Ta 159.92149534606057
74 160 W 159.927919034171
61 161 Pm 160.91276646373555
62 161 Sm 160.90514810884599
63 161 Eu 160.89910345795639
64 161 Gd 160.89456715406681
65 161 Tb 160.89191911317721
66 161 Dy 160.89073315228765
67 161 Ho 160.89110696239806
68 161 Er 160.89270009750848
69 161 Tm 160.89569698761889
70 161 Yb 160.89951179172931
71 161 Lu 160.90462282783972
72 161 Hf 160.91078017495016
73 161 Ta 160.91832315706057
75 161 Re 160.93648082128144
62 162 Sm 161.90760973384599
63 162 Eu 161.90239779595638
64 162 Gd 161.89588269906682
65 162 Tb 161.89361770717721
66 162 Dy 161.89059823428764
67 162 Ho 161.89234769039805
68 162 Er 161.89148386650848
69 162 Tm 161.8961491986189
70 162 Yb 161.89737874972931
71 162 Lu 161.90433360383972
72 162 Hf 161.90771777395017
73 162 Ta 161.91724657506057
74 162 W 161.92290542917101
62 163 Sm 162.91166713184597
63 163 Eu 162.9047049769564
64 163 Gd 162.89898752706682
65 163 Tb 162.89499591617721
66 163 Dy 162.89253094828766
67 163 Ho 162.89198540739807
68 163 Er 162.89273647550849
69 163 Tm 162.8948062696189
70 163 Yb 162.89794481372931
71 163 Lu 162.90222982783973
72 163 Hf 162.90760945895016
73 163 Ta 162.91429086206057
74 163 W 162.92192933917099
75 163 Re 162.93094194228144
62 164 Sm 163.91453810784597
63 164 Eu 163.90829240995637
64 164 Gd 163.90080708006681
65 164 Tb 163.89766986817722
66 164 Dy 163.89297454628766
67 164 Ho 163.89348569539806
68 164 Er 163.89190430650848
69 164 Tm 163.89568600661889
70 164 Yb 163.89610015072932
71 164 Lu 163.90238982783973
72 164 Hf 163.90487295695016
73 164 Ta 163.91348766806055
74 164 W 163.91835753317099
75 164 Re 163.92936363028141
76 164 Os 163.93638108639183
63 165 Eu 164.91097953695638
64 165 Gd 164.90420796706681
65 165 Tb 164.89929750517723
66 165 Dy 164.89550312928765
67 165 Ho 164.89357426339805
68 165 Er 164.89343004950848
69 165 Tm 164.89458983061888
70 165 Yb 164.89686964872934
71 165 Lu 164.90045758583972
72 165 Hf 164.90506924795017
73 165 Ta 164.91073395506055
74 165 W 164.91768575117101
75 165 Re 164.92594233928142
64 166 Gd 165.90652130006683
65 166 Tb 165.90228203417723
66 166 Dy 165.89660653728765
67 166 Ho 165.89553635639805
68 166 Er 165.89299763450848
69 166 Tm 165.8957101236189
70 166 Yb 165.89547584672931
71 166 Lu 165.90090982783974
72 166 Hf 165.90268224795017
73 166 Ta 165.91046566806057
74 166 W 165.91443704017101
75 166 Re 165.92467772428142
76 166 Os 165.93100606339183
64 167 Gd 166.91038089906681
65 167 Tb 166.90434935317722
66 167 Dy 166.89947614228765
67 167 Ho 166.89638540139805
68 167 Er 166.89475275950849
69 167 Tm 166.89500519361889
70 167 Yb 166.89655347672934
71 167 Lu 166.89929382783973
72 167 Hf 166.90310224795016
73 167 Ta 166.90804666806059
74 167 W 166.91421616817101
76 167 Os 166.92986023239183
77 167 Ir 166.93943132150227
65 168 Tb 167.90767938117722
66 168 Dy 167.90092870428765
67 168 Ho 167.89876891339804
68 168 Er 167.89507484950849
69 168 Tm 167.89632644461889
70 168 Yb 167.89549070472933
71 168 Lu 167.89978062583972
72 168 Hf 167.90107024795017
73 168 Ta 167.90800066806059
74 168 W 167.91121054717101
75 168 Re 167.92042911528142
76 168 Os 167.92610697839183
77 168 Ir 167.93772032650227
78 168 Pt 167.94539096461267
66 169 Dy 168.90410895828765
67 169 Ho 168.90012503739806
68 169 Er 168.89729501150848
69 169 Tm 168.89636694361889
70 169 Yb 168.89678361572933
71 169 Lu 168.89869667283972
72 169 Hf 168.90176124795016
73 169 Ta 168.90596466806056
74 169 W 168.911183777171
75 169 Re 168.91762248728142
76 169 Os 168.92532544939183
77 169 Ir 168.93404109150225
67 170 Ho 169.90287169539806
68 170 Er 169.89816850050849
69 170 Tm 169.89795508061889
70 170 Yb 169.89636664972932
71 170 Lu 169.89953005783974
72 170 Hf 169.90011124795015
73 170 Ta 169.9061286680606
74 170 W 169.90863632317101
75 170 Re 169.91709135228143
76 170 Os 169.92188720139183
78 170 Pt 169.93971285561267
67 171 Ho 170.90471786039805
68 171 Er 170.90073393950848
69 171 Tm 170.8985831496189
70 171 Yb 170.89793092272933
71 171 Lu 170.89896941883973
72 171 Hf 170.90099424795017
73 171 Ta 170.90442966806057
74 171 W 170.90885608817101
75 171 Re 170.91457250828142
76 171 Os 170.92148833039184
77 171 Ir 170.92940486850227
78 171 Pt 170.93845963661266
79 171 Au 170.9485437217231
68 172 Er 171.90206002850849
69 172 Tm 171.90055494661888
70 172 Yb 171.89798606172931
71 172 Lu 171.90014214783972
72 172 Hf 171.89995196395017
73 172 Ta 171.90484866806059
74 172 W 171.906697088171
75 172 Re 171.91423267328142
76 172 Os 171.91832523739183
77 172 Ir 171.92836638350227
78 172 Pt 171.93455182761267
79 172 Au 171.94665889272309
80 172 Hg 171.95497418983351
69 173 Tm 172.90175461761888
70 173 Yb 172.89981561872932
71 173 Lu 172.89998654983972
72 173 Hf 172.90101524795017
73 173 Ta 172.90370366806059
74 173 W 172.90709408817099
75 173 Re 172.91209950828141
76 173 Os 172.91811631539184
77 173 Ir 172.92526482550227
78 173 Pt 172.93366069061267
79 173 Au 172.9428864517231
69 174 Tm 173.90432204861889
70 174 Yb 173.90046695272932
71 174 Lu 173.90139366783973
72 174 Hf 173.90055062495017
73 174 Ta 173.90440766806057
74 174 W 173.90548408817099
75 174 Re 173.91197150828143
76 174 Os 173.91537112039182
77 174 Ir 173.92470928750225
78 174 Pt 173.93003119961267
80 174 Hg 173.94898418383352
69 175 Tm 174.9059902976189
70 175 Yb 174.90288131472931
71 175 Lu 174.90182803883974
72 175 Hf 174.90201367195016
73 175 Ta 174.90369066806056
74 175 W 174.906122088171
75 175 Re 174.91023750828143
76 175 Os 174.91525305439183
77 175 Ir 174.92190886750225
78 175 Pt 174.92961136161267
79 175 Au 174.93797856372311
80 175 Hg 174.94755805983351
69 176 Tm 175.9091456946189
70 176 Yb 175.90417411372931
71 176 Lu 175.90374253883974
72 176 Hf 175.90191204495017
73 176 Ta 175.90481066806058
74 176 W 175.90503908817101
75 176 Re 175.91047950828144
76 176 Os 175.91307824339182
77 176 Ir 175.92138560950227
78 176 Pt 175.92614893061267
79 176 Au 175.93677911372311
80 176 Hg 175.94346227883349
81 176 Tl 175.95619275994395
70 177 Yb 176.90686325372931
71 177 Lu 176.90481439783971
72 177 Hf 176.90373243495017
73 177 Ta 176.90443560806057
74 177 W 176.90604808817099
75 177 Re 176.90918450828144
76 177 Os 176.91326583039182
77 177 Ir 176.91906084850226
78 177 Pt 176.92568030961266
79 177 Au 176.9335318897231
80 177 Hg 176.9423981988335
81 177 Tl 176.95197928094393
70 178 Yb 177.90826880772931
71 178 Lu 177.90701089283974
72 178 Hf 177.90421056995015
74 178 W 177.90529087917099
75 178 Re 177.90984550828142
76 178 Os 177.91156126239184
77 178 Ir 177.91883874350228
78 178 Pt 177.92286005661268
79 178 Au 177.93271890272311
80 178 Hg 177.9385983648335
82 178 Pb 177.95885262005433
71 179 Lu 178.90838381283973
72 179 Hf 178.90632795295016
73 179 Ta 178.90589271806056
74 179 W 178.90648446617101
75 179 Re 178.90884619428144
76 179 Os 178.91212391339184
77 179 Ir 178.91687694250226
78 179 Pt 178.92256951061268
79 179 Au 178.92983585472311
80 179 Hg 178.93793536783352
81 179 Tl 178.94668721394393
82 179 Pb 178.95721894105435
71 180 Lu 179.91094157183971
72 180 Hf 179.90706178495017
73 180 Ta 179.90742125706061
74 180 W 179.90611839217101
75 180 Re 179.90964807628143
76 180 Os 179.91068959339182
77 180 Ir 179.91698879450226
78 180 Pt 179.92024877861266
79 180 Au 179.92915192672311
80 180 Hg 179.93437378883351
81 180 Tl 179.94548397894394
82 180 Pb 179.95293262605435
71 181 Lu 180.91295882783973
72 181 Hf 180.90961308195017
73 181 Ta 180.90795219606059
74 181 W 180.907623821171
75 181 Re 180.90891801528142
76 181 Os 180.91155511639184
77 181 Ir 180.91539403950227
78 181 Pt 180.92030071461267
79 181 Au 180.9267412907231
80 181 Hg 180.93393297683352
81 181 Tl 180.94182500694393
82 181 Pb 180.95167704905435
72 182 Hf 181.91106593195016
73 182 Ta 181.91010828006057
74 182 W 181.90761072417101
75 182 Re 181.91006806828142
76 182 Os 181.91041808239183
77 182 Ir 181.91583564450227
78 182 Pt 181.91838237361267
79 182 Au 181.9262766217231
80 182 Hg 181.93080278183351
81 182 Tl 181.94125767794392
82 182 Pb 181.94768998605434
71 183 Lu 182.91841382783971
72 183 Hf 182.91403545095017
73 183 Ta 182.91132904806057
74 183 W 182.90962950417099
75 183 Re 182.90967781428142
76 183 Os 182.91143295639182
77 183 Ir 182.91460057950226
78 183 Pt 182.91880666361266
79 183 Au 182.92425029472309
80 183 Hg 182.93055826083349
81 183 Tl 182.93775787194394
82 183 Pb 182.94687897605434
72 184 Hf 183.91595075495016
73 184 Ta 183.91396362606059
74 184 W 183.91033826817099
75 184 Re 183.91138458128142
76 184 Os 183.91080084739184
77 184 Ir 183.91523534850228
78 184 Pt 183.91713269761266
79 184 Au 183.92411371172309
80 184 Hg 183.92783131783349
81 184 Tl 183.93744000194394
82 184 Pb 183.94315208305434
72 185 Hf 184.91936424795017
73 185 Ta 184.91551498506055
74 185 W 184.912826294171
75 185 Re 184.91181482828142
76 185 Os 184.91235389739182
77 185 Ir 184.91445734850225
78 185 Pt 184.91782442761266
79 185 Au 184.9224610597231
80 185 Hg 184.92800430483351
81 185 Tl 184.93435421794393
82 185 Pb 184.94262644905433
72 186 Hf 185.92139924795015
73 186 Ta 185.91850670406058
74 186 W 185.91377022817099
75 186 Re 185.91384568028144
76 186 Os 185.91214549739183
77 186 Ir 185.91570610250227
78 186 Pt 185.91656161361266
79 186 Au 185.9226148917231
80 186 Hg 185.9254756698335
81 186 Tl 185.93421981594395
82 186 Pb 185.93925585805434
83 186 Bi 185.95109103816478
84 186 Po 185.95832246327518
73 187 Ta 186.92034466806058
74 187 W 186.91656633717099
75 187 Re 186.91460872528143
76 187 Os 186.91405749739184
77 187 Ir 186.91530134850225
78 187 Pt 186.91782741461267
79 187 Au 186.9212043357231
80 187 Hg 186.92592714883349
81 187 Tl 186.93146976894394
82 187 Pb 186.93892729105434
83 187 Bi 186.94761514116476
84 187 Po 186.95695077127519
74 188 W 187.91789341317099
75 188 Re 187.91697016628143
76 188 Os 187.91414522039184
77 188 Ir 187.91659434750227
78 188 Pt 187.91660828961267
79 188 Au 187.92191015472309
80 188 Hg 187.92369434683351
81 188 Tl 187.93158591494392
82 188 Pb 187.93589552805435
83 188 Bi 187.94674393316478
84 188 Po 187.95333487527517
75 189 Re 188.91808427228142
76 189 Os 188.91645387739183
77 189 Ir 188.91648195050226
78 189 Pt 188.91805925361268
79 189 Au 188.92061047472311
80 189 Hg 188.92430838483349
81 189 Tl 188.92913855394394
82 189 Pb 188.93586010705434
83 189 Bi 188.94366300816478
84 189 Po 188.95239271427516
74 190 W 189.922508630171
75 190 Re 189.92065657228142
76 190 Os 189.91675337039183
77 190 Ir 189.91830272250226
78 190 Pt 189.91716059161266
79 190 Au 189.92141393472309
80 190 Hg 189.9224358588335
81 190 Tl 189.92940679994393
82 190 Pb 189.93309832105433
83 190 Bi 189.94309269716479
84 190 Po 189.94902102027518
74 191 W 190.925936088171
75 191 Re 190.92197983028143
76 191 Os 190.91923603339183
77 191 Ir 190.91835080350228
78 191 Pt 190.91888702961268
79 191 Au 190.9203786407231
80 191 Hg 190.92327190983352
81 191 Tl 190.92734912194393
82 191 Pb 190.93323290405434
83 191 Bi 190.94025484116477
84 191 Po 190.94847778327517
85 191 At 190.95751879038562
75 192 Re 191.92494450828144
76 192 Os 191.91978669339184
77 192 Ir 191.92036176250227
78 192 Pt 191.91825343561266
79 192 Au 191.92147980372309
80 192 Hg 191.9217478718335
81 192 Tl 191.92779002894395
82 192 Pb 191.93080604705435
83 192 Bi 191.93993794616478
84 192 Po 191.94525956327519
85 192 At 191.9565116213856
75 193 Re 192.92640150828143
76 193 Os 192.92245756539182
77 193 Ir 192.92068310150228
78 193 Pt 192.92019531461267
79 193 Au 192.92080063072311
80 193 Hg 192.92276700383351
81 193 Tl 192.92606702294393
82 193 Pb 192.93115236305434
83 193 Bi 192.93741508916477
84 193 Po 192.94498171027519
85 193 At 192.9532984343856
86 193 Rn 192.962530102496
76 194 Os 193.92348733539183
77 194 Ir 193.92283505150226
78 194 Pt 193.91989426661266
79 194 Au 193.9220812397231
80 194 Hg 193.92156271683351
81 194 Tl 193.92664643694394
82 194 Pb 193.92902823705435
83 194 Bi 193.93726645016477
84 194 Po 193.94210534727517
85 194 At 193.9526015253856
86 194 Rn 193.95896776549603
76 195 Os 194.92662592839184
77 195 Ir 194.92373624650227
78 195 Pt 194.92200509361268
79 195 Au 194.92170001172309
80 195 Hg 194.92281941783349
81 195 Tl 194.92533908094393
82 195 Pb 194.92953261605433
83 195 Bi 194.93511662816476
84 195 Po 194.94198507027517
85 195 At 194.94964518938562
86 195 Rn 194.95824383249601
76 196 Os 195.92795118939182
77 196 Ir 195.92615901750227
78 196 Pt 195.92216541661267
79 196 Au 195.92323340172311
80 196 Hg 195.92194705383349
81 196 Tl 195.92604621794393
82 196 Pb 195.92780400105434
83 196 Bi 195.93513437816478
84 196 Po 195.93946001127517
85 196 At 195.9491697433856
86 196 Rn 195.95494256049602
77 197 Ir 196.92741656550226
78 197 Pt 196.92455379861266
79 197 Au 196.92323229172311
80 197 Hg 196.92332732383352
81 197 Tl 196.92512552094394
82 197 Pb 196.92845118605433
83 197 Bi 196.93333279616476
84 197 Po 196.93954122827517
85 197 At 196.9465480623856
86 197 Rn 196.95444357549601
87 197 Fr 196.96328163560645
78 198 Pt 197.92510748661266
79 198 Au 197.92490590272311
80 198 Hg 197.92288278583351
81 198 Tl 197.92601169794395
82 198 Pb 197.92703189905433
83 198 Bi 197.93366918516477
84 198 Po 197.93730804227519
85 198 At 197.94616857338562
86 198 Rn 197.95150132649601
87 198 Fr 197.96255563060646
77 199 Ir 198.93156644550226
78 199 Pt 198.92780779061266
79 199 Au 198.92542876172311
80 199 Hg 198.9243946028335
81 199 Tl 198.92544202894393
82 199 Pb 198.92792906905433
83 199 Bi 198.93214071016476
84 199 Po 198.93755973427517
85 199 At 198.94389842438562
86 199 Rn 198.951147565496
87 199 Fr 198.95954293360646
78 200 Pt 199.92865537761267
79 200 Au 199.92741874672311
80 200 Hg 199.92444054983349
81 200 Tl 199.92652863694394
82 200 Pb 199.92683499505435
83 200 Bi 199.93259915916477
84 200 Po 199.93573164427517
85 200 At 199.94372180838562
86 200 Rn 199.94852746449601
87 200 Fr 199.95885821560645
78 201 Pt 200.93172407361266
79 201 Au 200.92831986672311
80 201 Hg 200.9264166628335
81 201 Tl 200.92638526394393
82 201 Pb 200.92788688005433
83 201 Bi 200.93146288616478
84 201 Po 200.93618308827519
85 201 At 200.94178776738562
86 201 Rn 200.948412640496
87 201 Fr 200.95612604060645
88 201 Ra 200.96453966871684
78 202 Pt 201.93284976861267
79 202 Au 201.93051818872311
80 202 Hg 201.92675721283351
81 202 Tl 201.92767390294395
82 202 Pb 201.92716806205433
83 202 Bi 201.93219091116478
84 202 Po 201.93465822327516
85 202 At 201.94199639538562
86 202 Rn 201.94608611149602
87 202 Fr 201.95560318660645
88 202 Ra 201.96146727471685
79 203 Au 202.9318166807231
80 203 Hg 202.92898600483352
81 203 Tl 202.92790912694394
82 203 Pb 202.92840706605435
83 203 Bi 202.93135994616478
84 203 Po 202.93533536127518
85 203 At 202.9403136133856
86 203 Rn 202.94618328449602
87 203 Fr 202.95321441660644
88 203 Ra 202.96095887671686
80 204 Hg 203.9296076458335
81 204 Tl 203.92942844894392
82 204 Pb 203.92805995505435
83 204 Bi 203.93230355616478
84 204 Po 203.93422936727518
85 204 At 203.94062210238562
86 204 Rn 203.94426585849601
87 204 Fr 203.95292552160643
88 204 Ra 203.95823182471685
80 205 Hg 204.93218675983351
81 205 Tl 204.92999234694395
82 205 Pb 204.92949813105434
83 205 Bi 204.93185305116478
84 205 Po 204.93510929527517
85 205 At 204.93943125538561
86 205 Rn 204.94454535749603
87 205 Fr 204.95086740360645
88 205 Ra 204.95795566171685
89 205 Ac 204.96632054182729
80 206 Hg 205.93362744583351
81 206 Tl 205.93167513694394
82 206 Pb 205.92948165905435
83 206 Bi 205.93296671216478
84 206 Po 205.93439295127519
85 206 At 205.9400164773856
86 206 Rn 205.94301753849601
87 206 Fr 205.95093499060644
88 206 Ra 205.95555281171684
89 206 Ac 205.96565286682727
80 207 Hg 206.93841360883351
81 207 Tl 206.93298363394393
82 207 Pb 206.93091327005433
83 207 Bi 206.93293842016476
84 207 Po 206.93551262327517
85 207 At 206.93917042438562
86 207 Rn 206.94355235349602
87 207 Fr 206.94921499960645
88 207 Ra 206.95549738971684
89 207 Ac 206.96314235682729
80 208 Hg 207.94187260883351
81 208 Tl 207.93758303494394
82 208 Pb 207.93166845405435
83 208 Bi 207.93420992916478
84 208 Po 207.93516532427518
85 208 At 207.93998372038561
86 208 Rn 207.94245664249601
87 208 Fr 207.94941263160644
88 208 Ra 207.95357998171684
89 208 Ac 207.96272864082729
90 208 Th 207.96854315793769
81 209 Tl 208.94091674194394
82 209 Pb 208.93610642705434
83 209 Bi 208.93486646816478
84 209 Po 208.93634965027519
85 209 At 208.93953941038561
86 209 Rn 208.94322351849601
87 209 Fr 208.94821325060644
88 209 Ra 208.95371987171686
89 209 Ac 208.96067176482728
81 210 Tl 209.94563797094395
82 210 Pb 209.93920483005434
83 210 Bi 209.93858810616479
84 210 Po 209.93679297527518
85 210 At 209.94051813238562
86 210 Rn 209.94251099149602
87 210 Fr 209.94868414560645
88 210 Ra 209.95220037571684
89 210 Ac 209.96058501482727
90 210 Th 209.96572132493768
81 211 Tl 210.94904002894393
82 211 Pb 210.94375173705433
83 211 Bi 210.94173658416477
84 211 Po 210.94057246027518
85 211 At 210.9408669353856
86 211 Rn 210.943422896496
87 211 Fr 210.94782873860643
88 211 Ra 210.95261801871686
89 211 Ac 210.95884523582728
90 211 Th 210.96552473293769
91 211 Pa 210.97375326604811
82 212 Pb 211.94691234005435
83 212 Bi 211.94575289916477
84 212 Po 211.94278727127517
85 212 At 211.94410801038561
86 212 Rn 211.94352607549601
87 212 Fr 211.94849896960645
88 212 Ra 211.95151158871684
89 212 Ac 211.95901283182729
90 212 Th 211.96362937993769
91 212 Pa 211.97326404904811
81 213 Tl 212.95748002894393
82 213 Pb 212.95157724505435
83 213 Bi 212.94885143916477
84 213 Po 212.94677644327518
85 213 At 212.94630730238561
86 213 Rn 212.946707276496
87 213 Fr 212.94845795960646
88 213 Ra 212.95209594071684
89 213 Ac 212.95776905482728
90 213 Th 212.96363927993769
91 213 Pa 212.97117887404812
82 214 Pb 213.95481997005433
83 214 Bi 213.95317877816478
84 214 Po 213.94912057627516
85 214 At 213.94974304038561
86 214 Rn 213.94818477949602
87 214 Fr 213.95124474260643
88 214 Ra 213.95182452971684
89 214 Ac 213.95808278982727
90 214 Th 213.96210928993767
91 214 Pa 213.97097028504811
82 215 Pb 214.95967804005434
83 215 Bi 214.95621696416478
84 215 Po 214.95333767427519
85 215 At 214.95202171138561
86 215 Rn 214.95156716649601
87 215 Fr 214.95261508360645
88 215 Ra 214.95444317771685
89 215 Ac 214.95765045082729
90 215 Th 214.9623524499377
91 215 Pa 214.96919318504811
92 215 U 214.97625042415854
83 216 Bi 215.96077385416478
84 216 Po 215.95583270527518
85 216 At 215.9557933523856
86 216 Rn 215.95309407149603
87 216 Fr 215.95546307260645
88 216 Ra 215.95525850371686
89 216 Ac 215.95992549082729
90 216 Th 215.96168374293768
91 216 Pa 215.96921386304811
92 216 U 215.97429347915855
83 217 Bi 216.96383986916479
84 217 Po 216.96023543427518
85 217 At 216.9580885033856
86 217 Rn 216.95674976149601
87 217 Fr 216.95690552960644
88 217 Ra 216.95804764571685
89 217 Ac 216.96051871482729
90 217 Th 216.96373125293769
91 217 Pa 216.96838825404811
83 218 Bi 217.96865586916476
84 218 Po 217.96289052327518
85 218 At 217.96206665038562
86 218 Rn 217.958423252496
87 218 Fr 217.95985216960645
88 218 Ra 217.95885926671684
89 218 Ac 217.96282524982729
90 218 Th 217.9639040579377
91 218 Pa 217.97010036304812
92 218 U 217.97303552715854
84 219 Po 218.96753328927517
85 219 At 218.96453129638562
86 219 Rn 218.96230081249601
87 219 Fr 218.96152421360645
88 219 Ra 218.96180968471685
89 219 Ac 218.96359681482727
90 219 Th 218.96615424193769
91 219 Pa 218.97002913904811
92 219 U 218.97453988315854
93 219 Np 218.98058393526895
84 220 Po 219.97030528927519
85 220 At 219.96880370938561
86 220 Rn 219.96421457249602
87 220 Fr 219.96460033860646
88 220 Ra 219.96275251171684
89 220 Ac 219.96593091682729
90 220 Th 219.96639767593769
91 220 Pa 219.97184898304812
93 220 Np 219.98169835026894
84 221 Po 220.97514728927518
85 221 At 220.9713877093856
86 221 Rn 220.96835776649601
87 221 Fr 220.96652726360645
88 221 Ra 220.96564226271684
89 221 Ac 220.96677611082728
90 221 Th 220.96881356693768
91 221 Pa 220.97195262304811
92 221 U 220.97585394715856
84 222 Po 221.97805928927517
85 222 At 221.9758647093856
86 222 Rn 221.97039814649602
87 222 Fr 221.96985616460645
88 222 Ra 221.96709834071686
89 222 Ac 221.96902062182727
90 222 Th 221.96909602993767
91 222 Pa 221.97376629404812
92 222 U 221.97558860715856
93 222 Np 221.98255677626895
85 223 At 222.9785217093856
86 223 Rn 222.97471141249602
87 223 Fr 222.97200779060645
88 223 Ra 222.97022561771686
89 223 Ac 222.97031237182728
90 223 Th 222.9714388929377
91 223 Pa 222.97405964404811
92 223 U 222.97749140415854
93 223 Np 222.98189541026895
85 224 At 223.98311970938562
86 224 Rn 223.97691793249601
87 224 Fr 223.97562164560645
88 224 Ra 223.97193533071686
89 224 Ac 223.97289863882727
90 224 Th 223.97209394693769
91 224 Pa 223.97569651604812
92 224 U 223.97716656315856
93 224 Np 223.98337010026896
86 225 Rn 224.98130770149601
87 225 Fr 224.97784601560645
88 225 Ra 224.97533547171685
89 225 Ac 224.97440499082728
90 225 Th 224.97457878493768
91 225 Pa 224.97622715704813
92 225 U 224.97891570015855
93 225 Np 224.98292549226895
86 226 Rn 225.98368350949602
87 226 Fr 225.98181806160645
88 226 Ra 225.97713315571684
89 226 Ac 225.97727338882729
90 226 Th 225.97553150893768
91 226 Pa 225.97802744704811
92 226 U 225.97886931915855
93 226 Np 225.98421243426895
86 227 Rn 226.988126522496
87 227 Fr 226.98413896260644
88 227 Ra 226.98090117471685
89 227 Ac 226.97892698382728
90 227 Th 226.97833035593769
91 227 Pa 226.97888281604813
92 227 U 226.98071177415855
93 227 Np 226.98395708226894
86 228 Rn 227.990657544496
87 228 Fr 227.98811298260645
88 228 Ra 227.98279354371684
89 228 Ac 227.98219607482727
90 228 Th 227.9793675509377
91 228 Pa 227.98112998804811
92 228 U 227.98089960915854
94 228 Pu 227.98719681537938
86 229 Rn 228.99507940149601
87 229 Fr 228.99056499260644
88 229 Ra 228.98668167271686
89 229 Ac 228.98412338982729
90 229 Th 228.98238916693768
91 229 Pa 228.98217481504813
92 229 U 228.98303662615854
93 229 Np 228.98526933926897
94 229 Pu 228.98857858937939
95 229 Am 228.99316744448979
87 230 Fr 229.99466433660643
88 230 Ra 229.98877974571684
89 230 Ac 229.98750338982728
90 230 Th 229.9837600769377
91 230 Pa 229.98461894704812
92 230 U 229.98347076415854
93 230 Np 229.98681013026896
94 230 Pu 229.98808180337937
87 231 Fr 230.99744890260644
88 231 Ra 230.99275205471685
89 231 Ac 230.9895693898273
90 231 Th 230.98693057393768
91 231 Pa 230.98596173004813
92 231 U 230.98582283015855
93 231 Np 230.98722566826896
94 231 Pu 230.98955943637938
87 232 Fr 232.00173476860644
88 232 Ra 231.99520023671684
89 232 Ac 231.99321038982728
90 232 Th 231.98868141593769
91 232 Pa 231.98866943504811
92 232 U 231.98668541515855
94 232 Pu 231.98961562337939
87 233 Fr 233.00479138260644
88 233 Ra 232.99931953971685
89 233 Ac 232.99552238982727
90 233 Th 232.9922079359377
91 233 Pa 232.99032576504811
92 233 U 232.98916494415855
93 233 Np 232.98972149126897
94 233 Pu 232.99143090137937
96 233 Cm 232.99810781560024
88 234 Ra 234.00210706971686
89 234 Ac 233.99931538982727
90 234 Th 233.99422761093768
91 234 Pa 233.99338478504811
92 234 U 233.99048094615856
93 234 Np 233.99187531526894
94 234 Pu 233.99175097937939
96 234 Cm 233.99749489860022
89 235 Ac 235.00201638982728
90 235 Th 234.99788280993769
91 235 Pa 234.99547823004812
92 235 U 234.99345876715856
93 235 Np 234.99304358826896
94 235 Pu 234.99371809937938
95 235 Am 234.99579138848978
89 236 Ac 236.00616438982729
90 236 Th 236.00028480993768
91 236 Pa 235.99874723004811
92 236 U 235.99509678015855
93 236 Np 235.99555036626896
94 236 Pu 235.99449015137938
96 236 Cm 235.99870844260022
90 237 Th 237.00425680993769
91 237 Pa 237.0011022300481
92 237 U 236.99825895915856
93 237 Np 236.99715371026895
94 237 Pu 236.9968413783794
96 237 Cm 237.00020531860022
98 237 Cf 237.00843844282105
91 238 Pa 238.00471623004813
92 238 U 238.00031758615856
93 238 Np 237.99992667326896
94 238 Pu 237.99799166537937
95 238 Am 237.99986744148978
96 238 Cm 238.00041793660023
92 239 U 239.00382263915856
93 239 Np 239.00191960826896
94 239 Pu 239.00059508637938
95 239 Am 239.00090763948978
96 239 Cm 239.00224484960023
92 240 U 240.00612306115855
93 240 Np 240.00514584826897
94 240 Pu 240.00224523037937
95 240 Am 240.00318328448978
96 240 Cm 240.00286456360021
98 240 Cf 240.00849261782105
93 241 Np 241.00729174126894
94 241 Pu 241.00528314137938
95 241 Am 241.0047122534898
96 241 Cm 241.00498754860021
93 242 Np 242.01062161826894
94 242 Pu 242.00717446937938
95 242 Am 242.00743226848979
96 242 Cm 242.00617051760022
98 242 Cf 242.00999371482106
94 243 Pu 243.01043555837938
95 243 Am 243.00926479948978
96 243 Cm 243.00872365960024
97 243 Bk 243.00979365571064
94 244 Pu 244.0126378913794
95 244 Am 244.01216780248978
96 244 Cm 244.01008695260023
97 244 Bk 244.01196671971061
98 244 Cf 244.01223861782105
94 245 Pu 245.01625804437938
95 245 Am 245.0143377374898
96 245 Cm 245.01282737760022
97 245 Bk 245.01314756471064
98 245 Cf 245.01428592582107
94 246 Pu 246.01863766237938
96 246 Cm 246.01455834660021
97 246 Bk 246.01545905071063
98 246 Cf 246.01504285582106
99 246 Es 246.01849706493147
100 246 Fm 246.02049534504189
96 247 Cm 247.01768900860023
97 247 Bk 247.01709363971062
98 247 Cf 247.01721051882106
99 247 Es 247.01931251993147
96 248 Cm 248.01968541660023
97 248 Bk 248.01992943971064
98 248 Cf 248.01842207582106
100 248 Fm 248.02232746204189
96 249 Cm 249.02329032260022
97 249 Bk 249.02177086871063
98 249 Cf 249.02108959882105
100 249 Fm 249.0240680530419
101 249 Md 249.0274505861523
96 250 Cm 250.02569387160023
97 250 Bk 250.02510494571064
98 250 Cf 250.02264366482106
100 250 Fm 250.02466177604188
101 250 Md 250.0287583651523
96 251 Cm 251.02962131860022
97 251 Bk 251.02754830571064
98 251 Cf 251.02582634182104
99 251 Es 251.02568202193146
100 251 Fm 251.02668714104189
101 251 Md 251.02936771815229
98 252 Cf 252.02786567782107
99 252 Es 252.02866976393148
100 252 Fm 252.0276080300419
101 252 Md 252.03097843115231
102 252 No 252.03301092126273
98 253 Cf 253.03137289382107
99 253 Es 253.03051183193145
100 253 Fm 253.03032295604189
102 253 No 253.03460763126273
103 253 Lr 253.03853012137313
98 254 Cf 254.03356274582106
99 254 Es 254.03371492793147
100 254 Fm 254.0319944350419
102 254 No 254.03499906226273
103 254 Lr 254.03973508437315
99 255 Es 255.03596409493147
100 255 Fm 255.0351055060419
101 255 Md 255.0356751331523
102 255 No 255.03724129026273
103 255 Lr 255.04005867037313
100 256 Fm 256.03691371004186
102 256 No 256.03832676326272
103 256 Lr 256.04199029537313
104 256 Rf 256.04409915548354
100 257 Fm 257.04024743004186
101 257 Md 257.04013077415232
102 257 No 257.04092905426273
104 257 Rf 257.04586448748353
105 257 Db 257.04991915359398
101 258 Md 258.04302706515233
104 258 Rf 258.04637758648352
105 258 Db 258.05137210659399
102 259 No 259.04504321526275
105 259 Db 259.051890970594
106 260 Sg 260.05623396670438
104 261 Rf 261.05171728248354
106 261 Sg 261.0577986667044
107 261 Bh 261.06269768481479
106 262 Sg 262.05818950970439
107 262 Bh 262.06395663981482
108 264 Hs 264.06910970192519
108 265 Hs 265.0705451159252
108 266 Hs 266.07080215492522
109 266 Mt 266.07726704503568
110 269 Ds 269.08440717714609
110 270 Ds 270.08424283214606
